1 1 2.4494897427831779 0.69210291080661523 1.3529999999999999e-05
2 1 2.4494897427831779 0.69210291080661523 1.9870000000000001e-05
4 1 2.4494897427831779 0.69210291080661523 3.2419999999999998e-05
8 1 2.4494897427831779 0.69210291080661523 5.4379999999999998e-05
16 1 2.4494897427831779 0.69210291080661523 6.3108999999999995e-05
32 1 2.4494897427831779 0.69210291080661523 6.8108999999999995e-05
1 1000 3.1406380562059946 0.00095459738379854997 1.6079999999999999e-05
2 1000 3.1406380562059928 0.00095459738380032633 2.0259999999999999e-05
4 1000 3.1406380562059928 0.00095459738380032633 3.5488999999999999e-05
8 1000 3.1406380562059923 0.00095459738380077042 5.1419999999999999e-05
16 1000 3.1406380562059928 0.00095459738380032633 6.2730000000000004e-05
32 1000 3.1406380562059928 0.00095459738380032633 5.7219000000000002e-05
1 1000000 3.1415916986605086 9.5492928453566606e-07 0.0035747169999999998
2 1000000 3.1415916986604935 9.5492929963469919e-07 0.0020717000000000001
4 1000000 3.1415916986604859 9.5492930718421576e-07 0.00088787200000000005
8 1000000 3.1415916986604939 9.5492929919060998e-07 0.00052022500000000003
16 1000000 3.1415916986604899 9.5492930318741287e-07 0.00026464799999999998
32 1000000 3.1415916986604655 9.5492932761231941e-07 0.00019250800000000001
1 1000000000 3.1415926449823899 8.6074032346061813e-09 3.3926071100000001
2 1000000000 3.1415926459373198 7.6524733216842833e-09 1.707825562
4 1000000000 3.1415926478471792 5.7426139399296972e-09 0.85390712599999996
8 1000000000 3.1415926516668975 1.9228956205097347e-09 0.42808200299999999
16 1000000000 3.1415926524350084 1.1547847122983512e-09 0.21370744900000005
32 1000000000 3.1415926526604983 9.2929486328330313e-10 0.107013593
