1 1 2.4494897427831779 0.69210291080661523 1.114e-05
2 1 2.4494897427831779 0.69210291080661523 0.00032559599999999999
4 1 2.4494897427831779 0.69210291080661523 1.607e-05
8 1 2.4494897427831779 0.69210291080661523 3.3819999999999998e-05
16 1 2.4494897427831779 0.69210291080661523 3.4570000000000003e-05
32 1 2.4494897427831779 0.69210291080661523 3.3989999999999998e-05
1 1000 3.1406380562059946 0.00095459738379854997 8.6289999999999999e-06
2 1000 3.1406380562059928 0.00095459738380032633 9.5300000000000002e-06
4 1000 3.1406380562059928 0.00095459738380032633 1.3499999999999999e-05
8 1000 3.1406380562059923 0.00095459738380077042 1.7240000000000001e-05
16 1000 3.1406380562059928 0.00095459738380032633 7.4459e-05
32 1000 3.1406380562059932 0.00095459738379988224 3.6789000000000003e-05
1 1000000 3.1415916986605086 9.5492928453566606e-07 0.0035496360000000001
2 1000000 3.1415916986604935 9.5492929963469919e-07 0.001726663
4 1000000 3.1415916986604859 9.5492930718421576e-07 0.00087401099999999995
8 1000000 3.1415916986604939 9.5492929919060998e-07 0.00047178600000000003
16 1000000 3.1415916986604899 9.5492930318741287e-07 0.00025297699999999999
32 1000000 3.1415916986604655 9.5492932761231941e-07 0.00012718899999999999
1 1000000000 3.1415926449823899 8.6074032346061813e-09 3.3985580529999999
2 1000000000 3.1415926459373198 7.6524733216842833e-09 1.710974792
4 1000000000 3.1415926478471792 5.7426139399296972e-09 0.85531769199999996
8 1000000000 3.1415926516668975 1.9228956205097347e-09 0.42593988299999996
16 1000000000 3.1415926524350084 1.1547847122983512e-09 0.21337958900000001
32 1000000000 3.1415926526604983 9.2929486328330313e-10 0.107490561
