1 1 2.4494897427831779 0.69210291080661523 1.4810000000000001e-05
2 1 2.4494897427831779 0.69210291080661523 0.00029416700000000002
4 1 2.4494897427831779 0.69210291080661523 3.6439999999999997e-05
8 1 2.4494897427831779 0.69210291080661523 5.219e-05
16 1 2.4494897427831779 0.69210291080661523 5.9188999999999999e-05
32 1 2.4494897427831779 0.69210291080661523 7.2859000000000002e-05
1 1000 3.1406380562059946 0.00095459738379854997 1.3030000000000001e-05
2 1000 3.1406380562059928 0.00095459738380032633 3.0579e-05
4 1000 3.1406380562059928 0.00095459738380032633 3.0549999999999997e-05
8 1000 3.1406380562059923 0.00095459738380077042 8.9060000000000005e-05
16 1000 3.1406380562059928 0.00095459738380032633 6.1019e-05
32 1000 3.1406380562059928 0.00095459738380032633 6.1289000000000002e-05
1 1000000 3.1415916986605086 9.5492928453566606e-07 0.003525285
2 1000000 3.1415916986604935 9.5492929963469919e-07 0.001722643
4 1000000 3.1415916986604859 9.5492930718421576e-07 0.00088574200000000002
8 1000000 3.1415916986604939 9.5492929919060998e-07 0.00048009600000000001
16 1000000 3.1415916986604899 9.5492930318741287e-07 0.000272448
32 1000000 3.1415916986604655 9.5492932761231941e-07 0.00015660899999999999
1 1000000000 3.1415926449823899 8.6074032346061813e-09 3.3919615309999998
2 1000000000 3.1415926459373198 7.6524733216842833e-09 1.70188256
4 1000000000 3.1415926478471792 5.7426139399296972e-09 0.84875573800000004
8 1000000000 3.1415926516668975 1.9228956205097347e-09 0.426745873
16 1000000000 3.1415926524350084 1.1547847122983512e-09 0.213470145
32 1000000000 3.1415926526604983 9.2929486328330313e-10 0.106877056
