1 1 3.1832635983263602 0.041670944736567073 0.000121538
2 1 3.1832635983263602 0.041670944736567073 8.0059e-05
4 1 3.1832635983263602 0.041670944736567073 0.00043703600000000002
8 1 3.1832635983263602 0.041670944736567073 0.00049756500000000005
16 1 3.1832635983263602 0.041670944736567073 0.088899660000000047
32 1 3.1832635983263602 0.041670944736567073 0.13193445200000001
1 1000 3.141592653589794 8.8817841970012523e-16 0.00034433700000000001
2 1000 3.141592653589794 8.8817841970012523e-16 0.00019321900000000001
4 1000 3.141592653589794 8.8817841970012523e-16 0.00050585500000000004
8 1000 3.141592653589794 8.8817841970012523e-16 0.00053717499999999998
16 1000 3.141592653589794 8.8817841970012523e-16 0.077651313999999999
32 1000 3.141592653589794 8.8817841970012523e-16 0.17589900999999997
1 1000000 3.141592653589794 8.8817841970012523e-16 0.202848631
2 1000000 3.141592653589794 8.8817841970012523e-16 0.101891711
4 1000000 3.141592653589794 8.8817841970012523e-16 0.025885042
8 1000000 3.141592653589794 8.8817841970012523e-16 0.013590859
16 1000000 3.141592653589794 8.8817841970012523e-16 0.087896896000000002
32 1000000 3.141592653589794 8.8817841970012523e-16 0.215628929
1 1000000000 3.141592653589794 8.8817841970012523e-16 175.05831111200001
2 1000000000 3.141592653589794 8.8817841970012523e-16 87.312320525999993
4 1000000000 3.141592653589794 8.8817841970012523e-16 22.242049501
8 1000000000 3.141592653589794 8.8817841970012523e-16 11.143027073000001
16 1000000000 3.141592653589794 8.8817841970012523e-16 11.378910797
32 1000000000 3.141592653589794 8.8817841970012523e-16 11.574898781
