1 1 3.1832635983263602 0.041670944736567073 2.4749999999999999e-05
2 1 3.1832635983263602 0.041670944736567073 2.4090000000000001e-05
4 1 3.1832635983263602 0.041670944736567073 6.6080000000000004e-05
8 1 3.1832635983263602 0.041670944736567073 6.3800000000000006e-05
16 1 3.1832635983263602 0.041670944736567073 7.7138999999999994e-05
32 1 3.1832635983263602 0.041670944736567073 0.00010014900000000001
1 1000 3.141592653589794 8.8817841970012523e-16 0.00025305800000000002
2 1000 3.141592653589794 8.8817841970012523e-16 0.000146389
4 1000 3.141592653589794 8.8817841970012523e-16 0.000107099
8 1000 3.141592653589794 8.8817841970012523e-16 0.00013331899999999999
16 1000 3.141592653589794 8.8817841970012523e-16 0.00012050899999999999
32 1000 3.141592653589794 8.8817841970012523e-16 0.000106229
1 1000000 3.141592653589794 8.8817841970012523e-16 0.19777386199999999
2 1000000 3.141592653589794 8.8817841970012523e-16 0.10228538500000001
4 1000000 3.141592653589794 8.8817841970012523e-16 0.050479607000000003
8 1000000 3.141592653589794 8.8817841970012523e-16 0.025291963000000001
16 1000000 3.141592653589794 8.8817841970012523e-16 0.012827740000000001
32 1000000 3.141592653589794 8.8817841970012523e-16 0.0066467189999999997
1 1000000000 3.141592653589794 8.8817841970012523e-16 181.49373329400001
2 1000000000 3.141592653589794 8.8817841970012523e-16 90.330783249999996
4 1000000000 3.141592653589794 8.8817841970012523e-16 45.710650278999999
8 1000000000 3.141592653589794 8.8817841970012523e-16 22.79073794
16 1000000000 3.141592653589794 8.8817841970012523e-16 11.504207912
32 1000000000 3.141592653589794 8.8817841970012523e-16 5.8542830209999996
