1 1 2.4494897427831779 0.69210291080661523 9.7139000000000006e-05
2 1 2.4494897427831779 0.69210291080661523 7.7738999999999995e-05
4 1 2.4494897427831779 0.69210291080661523 0.00046064499999999998
8 1 2.4494897427831779 0.69210291080661523 0.00054581499999999995
16 1 2.4494897427831779 0.69210291080661523 0.050668506000000002
32 1 2.4494897427831779 0.69210291080661523 0.087913137000000002
1 1000 3.1406380562059928 0.00095459738380032633 0.000106189
2 1000 3.1406380562059928 0.00095459738380032633 0.00036502699999999997
4 1000 3.1406380562059928 0.00095459738380032633 0.00051130499999999998
8 1000 3.1406380562059928 0.00095459738380032633 0.00054830500000000002
16 1000 3.1406380562059932 0.00095459738379988224 0.025940277000000001
32 1000 3.1406380562059932 0.00095459738379988224 0.13662827799999999
1 1000000 3.1415916986604935 9.5492929963469919e-07 0.001626904
2 1000000 3.1415916986604859 9.5492930718421576e-07 0.0010625700000000001
4 1000000 3.1415916986604939 9.5492929919060998e-07 0.000893501
8 1000000 3.1415916986604895 9.5492930363150208e-07 0.00077194199999999996
16 1000000 3.1415916986604655 9.5492932761231941e-07 0.030919669
32 1000000 3.1415916986604695 9.5492932361551652e-07 0.087927602999999993
1 1000000000 3.1415926459373198 7.6524733216842833e-09 1.502771082
2 1000000000 3.1415926478471792 5.7426139399296972e-09 0.75135571599999995
4 1000000000 3.1415926516668975 1.9228956205097347e-09 0.189585472
8 1000000000 3.141592652435008 1.1547851563875611e-09 0.094602248000000055
16 1000000000 3.1415926526604983 9.2929486328330313e-10 0.12292630199999999
32 1000000000 3.1415926526400932 9.4969987429749381e-10 0.20492701199999999
